tau_list track
0.00100 0.49158
0.02104 0.11343
0.04108 0.07453
0.06111 0.08555
0.08115 0.10612
0.10119 0.12856
0.12123 0.15116
0.14127 0.17350
0.16130 0.19549
0.18134 0.21707
0.20138 0.23826
0.22142 0.25906
0.24146 0.27946
0.26149 0.29946
0.28153 0.31908
0.30157 0.33832
0.32161 0.35719
0.34165 0.37568
0.36169 0.39381
0.38172 0.41157
0.40176 0.42898
0.42180 0.44603
0.44184 0.46274
0.46188 0.47911
0.48191 0.49513
0.50195 0.51083
0.52199 0.52619
0.54203 0.54123
0.56207 0.55595
0.58210 0.57036
0.60214 0.58445
0.62218 0.59825
0.64222 0.61173
0.66226 0.62493
0.68229 0.63783
0.70233 0.65044
0.72237 0.66277
0.74241 0.67482
0.76245 0.68660
0.78248 0.69810
0.80252 0.70934
0.82256 0.72032
0.84260 0.73104
0.86264 0.74151
0.88268 0.75173
0.90271 0.76170
0.92275 0.77143
0.94279 0.78093
0.96283 0.79019
0.98287 0.79922
1.00290 0.80802
1.02294 0.81661
1.04298 0.82497
1.06302 0.83312
1.08306 0.84106
1.10309 0.84879
1.12313 0.85632
1.14317 0.86365
1.16321 0.87078
1.18325 0.87772
1.20328 0.88447
1.22332 0.89103
1.24336 0.89741
1.26340 0.90361
1.28344 0.90964
1.30347 0.91549
1.32351 0.92117
1.34355 0.92668
1.36359 0.93202
1.38363 0.93721
1.40367 0.94224
1.42370 0.94711
1.44374 0.95183
1.46378 0.95640
1.48382 0.96083
1.50386 0.96510
1.52389 0.96924
1.54393 0.97324
1.56397 0.97710
1.58401 0.98083
1.60405 0.98443
1.62408 0.98790
1.64412 0.99124
1.66416 0.99446
1.68420 0.99756
1.70424 1.00054
1.72427 1.00340
1.74431 1.00615
1.76435 1.00879
1.78439 1.01131
1.80443 1.01373
1.82446 1.01604
1.84450 1.01825
1.86454 1.02036
1.88458 1.02237
1.90462 1.02427
1.92466 1.02609
1.94469 1.02781
1.96473 1.02944
1.98477 1.03098
2.00481 1.03243
2.02485 1.03380
2.04488 1.03507
2.06492 1.03627
2.08496 1.03739
2.10500 1.03843
2.12504 1.03938
2.14507 1.04027
2.16511 1.04108
2.18515 1.04181
2.20519 1.04247
2.22523 1.04307
2.24526 1.04360
2.26530 1.04405
2.28534 1.04445
2.30538 1.04477
2.32542 1.04504
2.34545 1.04524
2.36549 1.04539
2.38553 1.04547
2.40557 1.04550
2.42561 1.04547
2.44565 1.04539
2.46568 1.04525
2.48572 1.04506
2.50576 1.04482
2.52580 1.04452
2.54584 1.04418
2.56587 1.04379
2.58591 1.04336
2.60595 1.04287
2.62599 1.04235
2.64603 1.04177
2.66606 1.04116
2.68610 1.04050
2.70614 1.03980
2.72618 1.03907
2.74622 1.03829
2.76625 1.03748
2.78629 1.03662
2.80633 1.03574
2.82637 1.03481
2.84641 1.03385
2.86644 1.03286
2.88648 1.03183
2.90652 1.03077
2.92656 1.02969
2.94660 1.02857
2.96664 1.02741
2.98667 1.02624
3.00671 1.02503
3.02675 1.02379
3.04679 1.02253
3.06683 1.02124
3.08686 1.01993
3.10690 1.01859
3.12694 1.01722
3.14698 1.01583
3.16702 1.01442
3.18705 1.01299
3.20709 1.01154
3.22713 1.01006
3.24717 1.00856
3.26721 1.00704
3.28724 1.00551
3.30728 1.00395
3.32732 1.00237
3.34736 1.00078
3.36740 0.99917
3.38743 0.99754
3.40747 0.99590
3.42751 0.99424
3.44755 0.99256
3.46759 0.99087
3.48763 0.98916
3.50766 0.98744
3.52770 0.98571
3.54774 0.98396
3.56778 0.98220
3.58782 0.98043
3.60785 0.97864
3.62789 0.97685
3.64793 0.97504
3.66797 0.97322
3.68801 0.97139
3.70804 0.96955
3.72808 0.96770
3.74812 0.96584
3.76816 0.96397
3.78820 0.96209
3.80823 0.96021
3.82827 0.95831
3.84831 0.95641
3.86835 0.95450
3.88839 0.95258
3.90842 0.95066
3.92846 0.94873
3.94850 0.94679
3.96854 0.94484
3.98858 0.94289
4.00862 0.94094
4.02865 0.93898
4.04869 0.93701
4.06873 0.93504
4.08877 0.93306
4.10881 0.93108
4.12884 0.92910
4.14888 0.92711
4.16892 0.92512
4.18896 0.92312
4.20900 0.92113
4.22903 0.91912
4.24907 0.91712
4.26911 0.91511
4.28915 0.91310
4.30919 0.91109
4.32922 0.90907
4.34926 0.90706
4.36930 0.90504
4.38934 0.90302
4.40938 0.90100
4.42941 0.89898
4.44945 0.89695
4.46949 0.89493
4.48953 0.89290
4.50957 0.89088
4.52961 0.88885
4.54964 0.88683
4.56968 0.88480
4.58972 0.88277
4.60976 0.88075
4.62980 0.87872
4.64983 0.87670
4.66987 0.87467
4.68991 0.87265
4.70995 0.87062
4.72999 0.86860
4.75002 0.86658
4.77006 0.86456
4.79010 0.86254
4.81014 0.86052
4.83018 0.85851
4.85021 0.85649
4.87025 0.85447
4.89029 0.85247
4.91033 0.85046
4.93037 0.84845
4.95040 0.84644
4.97044 0.84444
4.99048 0.84244
5.01052 0.84044
5.03056 0.83844
5.05060 0.83645
5.07063 0.83446
5.09067 0.83247
5.11071 0.83048
5.13075 0.82850
5.15079 0.82652
5.17082 0.82454
5.19086 0.82256
5.21090 0.82059
5.23094 0.81862
5.25098 0.81666
5.27101 0.81470
5.29105 0.81274
5.31109 0.81078
5.33113 0.80883
5.35117 0.80688
5.37120 0.80494
5.39124 0.80300
5.41128 0.80106
5.43132 0.79913
5.45136 0.79719
5.47139 0.79527
5.49143 0.79334
5.51147 0.79143
5.53151 0.78951
5.55155 0.78760
5.57159 0.78569
5.59162 0.78379
5.61166 0.78189
5.63170 0.77999
5.65174 0.77810
5.67178 0.77622
5.69181 0.77433
5.71185 0.77246
5.73189 0.77058
5.75193 0.76871
5.77197 0.76685
5.79200 0.76499
5.81204 0.76313
5.83208 0.76128
5.85212 0.75943
5.87216 0.75759
5.89219 0.75575
5.91223 0.75391
5.93227 0.75209
5.95231 0.75026
5.97235 0.74844
5.99238 0.74663
6.01242 0.74481
6.03246 0.74301
6.05250 0.74120
6.07254 0.73940
6.09258 0.73761
6.11261 0.73583
6.13265 0.73404
6.15269 0.73226
6.17273 0.73049
6.19277 0.72872
6.21280 0.72695
6.23284 0.72519
6.25288 0.72344
6.27292 0.72169
6.29296 0.71995
6.31299 0.71821
6.33303 0.71647
6.35307 0.71474
6.37311 0.71301
6.39315 0.71129
6.41318 0.70957
6.43322 0.70786
6.45326 0.70616
6.47330 0.70446
6.49334 0.70276
6.51337 0.70107
6.53341 0.69938
6.55345 0.69770
6.57349 0.69602
6.59353 0.69435
6.61357 0.69268
6.63360 0.69102
6.65364 0.68936
6.67368 0.68770
6.69372 0.68605
6.71376 0.68441
6.73379 0.68277
6.75383 0.68114
6.77387 0.67951
6.79391 0.67789
6.81395 0.67627
6.83398 0.67465
6.85402 0.67304
6.87406 0.67144
6.89410 0.66984
6.91414 0.66824
6.93417 0.66666
6.95421 0.66507
6.97425 0.66349
6.99429 0.66191
7.01433 0.66034
7.03436 0.65878
7.05440 0.65722
7.07444 0.65566
7.09448 0.65411
7.11452 0.65256
7.13456 0.65102
7.15459 0.64949
7.17463 0.64795
7.19467 0.64643
7.21471 0.64490
7.23475 0.64338
7.25478 0.64187
7.27482 0.64036
7.29486 0.63886
7.31490 0.63736
7.33494 0.63587
7.35497 0.63438
7.37501 0.63289
7.39505 0.63141
7.41509 0.62994
7.43513 0.62847
7.45516 0.62700
7.47520 0.62554
7.49524 0.62408
7.51528 0.62263
7.53532 0.62118
7.55535 0.61974
7.57539 0.61830
7.59543 0.61687
7.61547 0.61544
7.63551 0.61401
7.65555 0.61259
7.67558 0.61118
7.69562 0.60977
7.71566 0.60836
7.73570 0.60696
7.75574 0.60556
7.77577 0.60417
7.79581 0.60278
7.81585 0.60140
7.83589 0.60002
7.85593 0.59864
7.87596 0.59727
7.89600 0.59591
7.91604 0.59455
7.93608 0.59319
7.95612 0.59183
7.97615 0.59049
7.99619 0.58914
8.01623 0.58780
8.03627 0.58647
8.05631 0.58514
8.07634 0.58381
8.09638 0.58249
8.11642 0.58117
8.13646 0.57986
8.15650 0.57854
8.17654 0.57724
8.19657 0.57594
8.21661 0.57464
8.23665 0.57335
8.25669 0.57206
8.27673 0.57078
8.29676 0.56950
8.31680 0.56822
8.33684 0.56695
8.35688 0.56568
8.37692 0.56442
8.39695 0.56316
8.41699 0.56191
8.43703 0.56066
8.45707 0.55941
8.47711 0.55817
8.49714 0.55692
8.51718 0.55569
8.53722 0.55446
8.55726 0.55323
8.57730 0.55201
8.59733 0.55079
8.61737 0.54958
8.63741 0.54837
8.65745 0.54716
8.67749 0.54596
8.69753 0.54476
8.71756 0.54356
8.73760 0.54237
8.75764 0.54119
8.77768 0.54000
8.79772 0.53882
8.81775 0.53765
8.83779 0.53647
8.85783 0.53531
8.87787 0.53414
8.89791 0.53298
8.91794 0.53183
8.93798 0.53068
8.95802 0.52953
8.97806 0.52838
8.99810 0.52724
9.01813 0.52610
9.03817 0.52497
9.05821 0.52384
9.07825 0.52271
9.09829 0.52159
9.11832 0.52047
9.13836 0.51935
9.15840 0.51824
9.17844 0.51713
9.19848 0.51602
9.21852 0.51492
9.23855 0.51383
9.25859 0.51273
9.27863 0.51164
9.29867 0.51056
9.31871 0.50947
9.33874 0.50839
9.35878 0.50732
9.37882 0.50624
9.39886 0.50517
9.41890 0.50411
9.43893 0.50304
9.45897 0.50199
9.47901 0.50093
9.49905 0.49988
9.51909 0.49883
9.53912 0.49778
9.55916 0.49674
9.57920 0.49570
9.59924 0.49467
9.61928 0.49363
9.63931 0.49261
9.65935 0.49158
9.67939 0.49056
9.69943 0.48954
9.71947 0.48852
9.73951 0.48751
9.75954 0.48650
9.77958 0.48550
9.79962 0.48450
9.81966 0.48350
9.83970 0.48250
9.85973 0.48151
9.87977 0.48052
9.89981 0.47953
9.91985 0.47855
9.93989 0.47757
9.95992 0.47659
9.97996 0.47561
10.00000 0.47465
